40.32,38.90,38.85,38.33,39.57,40.09,41.98,43.24,47.13,47.40,51.10,51.03,51.66,51.62,51.78,51.93,52.71,52.11,51.28,52.51,53.39,53.25,52.56,52.28,52.64,51.17,46.04,44.22,41.82,41.23,40.43,39.43
39.04,39.45,38.65,39.57,40.66,41.50,44.18,45.79,49.35,50.68,51.33,51.65,51.75,51.96,51.85,52.05,51.86,52.34,51.48,52.27,53.22,54.24,53.01,53.59,52.51,52.35,49.17,46.45,43.35,42.58,40.50,40.53
38.24,38.16,40.12,39.75,40.64,42.17,46.82,48.24,51.68,51.82,51.83,51.47,52.05,51.96,51.60,52.18,52.09,52.16,52.24,52.49,53.85,54.26,53.30,53.29,52.88,53.77,52.68,50.21,45.35,44.25,42.31,40.35
38.42,38.53,39.06,39.34,41.27,42.83,46.88,48.35,51.51,52.10,51.46,51.97,52.06,52.06,52.43,52.19,52.41,52.37,51.96,52.62,53.73,53.78,53.87,53.40,53.31,53.52,52.84,51.54,46.93,45.39,40.25,41.58
38.20,38.48,38.97,38.79,40.71,42.29,47.40,48.02,51.69,52.23,52.00,51.92,52.40,52.31,52.65,52.79,52.58,52.57,52.02,53.10,54.16,54.57,53.27,53.75,53.18,53.27,53.11,52.07,47.14,46.33,41.96,41.11
38.75,38.10,38.87,38.19,39.44,41.09,45.47,47.29,51.10,52.24,51.85,51.92,52.57,52.68,52.71,52.74,52.77,52.83,52.60,52.92,54.04,54.55,54.06,53.43,53.50,53.45,53.36,52.60,47.22,46.06,40.69,40.61
37.98,37.17,38.64,38.42,39.31,39.77,44.17,46.10,51.60,51.96,51.53,51.91,52.16,51.66,52.24,52.20,52.28,52.11,52.11,52.63,54.17,53.99,53.79,53.37,53.83,53.52,53.54,52.89,46.84,44.63,41.72,40.01
37.28,38.01,38.19,38.91,40.14,41.82,44.55,46.78,51.06,51.60,51.51,51.88,52.20,51.79,51.84,52.41,52.02,51.78,51.68,51.93,53.47,53.47,53.37,53.20,53.62,53.28,53.08,52.14,46.21,43.49,40.39,40.44
37.47,37.51,38.47,38.91,40.28,40.72,43.59,46.11,52.30,52.38,52.51,52.79,52.96,53.11,53.37,53.40,53.56,53.30,52.88,53.31,54.33,54.80,53.98,53.18,52.69,53.45,52.80,52.59,47.06,44.26,40.87,40.97
36.99,37.80,37.74,37.96,38.67,38.62,41.33,45.26,52.26,52.61,52.44,53.31,53.48,53.25,54.15,53.75,53.61,53.51,53.27,54.20,55.47,55.86,54.79,54.67,53.99,54.03,54.34,52.24,45.88,44.02,41.43,40.77
37.15,36.78,38.00,37.86,38.15,38.17,42.44,46.03,53.11,53.06,52.85,52.91,53.36,53.91,54.25,54.20,54.00,53.97,54.05,54.21,55.60,56.10,55.12,55.02,54.83,54.74,54.40,50.83,42.37,40.92,40.22,40.11
37.19,37.21,37.79,37.69,38.05,38.42,42.70,46.68,53.18,53.46,53.00,53.15,53.60,53.74,54.55,54.64,54.13,53.94,53.99,54.55,55.60,55.95,55.05,55.33,55.00,55.11,54.38,51.93,42.36,41.05,39.83,39.86
37.30,36.64,36.93,37.51,38.07,38.38,43.72,47.26,53.19,53.18,53.45,53.41,53.96,54.28,54.42,55.14,54.44,54.34,54.00,54.76,56.11,55.70,55.14,55.24,55.23,55.34,54.29,51.91,42.50,40.93,40.53,39.44
37.79,37.68,37.86,38.03,38.31,39.06,43.78,47.77,52.76,53.36,53.35,53.46,54.51,54.72,54.63,54.92,54.40,54.56,54.07,54.71,56.08,56.55,55.26,55.31,55.22,55.35,54.56,51.75,42.79,41.02,39.48,39.45
37.80,36.74,37.46,37.99,38.20,38.58,43.91,48.08,53.46,53.40,53.54,53.82,54.25,54.45,54.55,54.77,54.68,54.51,54.76,55.46,56.03,56.16,55.52,55.57,55.79,55.65,54.79,51.51,42.75,41.40,40.13,40.11
37.77,38.52,37.92,38.40,38.44,39.05,44.34,48.70,53.63,53.43,53.48,53.80,54.24,54.91,55.22,55.19,54.82,54.76,54.45,55.34,56.22,56.71,55.63,55.79,55.49,55.85,54.46,51.50,42.88,41.82,40.16,39.64
39.43,39.82,39.95,39.31,40.29,40.64,45.36,49.24,53.92,53.84,53.82,54.19,54.37,54.95,55.31,55.14,54.86,54.78,54.86,55.65,56.63,56.74,55.52,56.07,55.85,56.03,54.51,51.04,42.38,41.82,41.28,40.57
39.87,40.31,39.61,40.21,40.75,41.50,45.36,49.42,53.69,53.85,54.01,54.24,54.86,55.25,55.47,55.50,54.91,54.70,55.49,55.87,56.96,56.74,55.85,55.74,55.54,55.83,54.24,51.06,42.48,42.23,41.62,41.88
39.77,40.56,40.35,40.83,41.84,41.44,43.87,45.20,48.11,49.03,50.93,51.00,52.54,53.08,54.19,54.21,54.23,54.51,55.04,55.67,56.42,56.66,55.85,55.81,55.50,54.82,52.77,49.29,43.68,42.63,41.53,41.76
39.50,41.06,40.25,41.91,41.96,42.30,43.09,43.72,45.84,46.30,47.96,47.56,49.50,49.96,51.00,50.83,51.29,51.96,52.12,52.93,53.90,53.99,52.82,52.61,51.14,51.48,48.79,47.50,43.42,42.53,42.14,42.07
40.14,40.46,41.59,41.11,41.76,41.67,42.72,42.79,43.22,43.69,43.25,44.15,44.90,44.79,44.89,45.63,45.66,45.91,46.15,46.38,46.78,46.18,46.43,45.77,45.94,45.34,44.33,43.32,42.85,42.01,42.88,42.13
40.82,40.26,41.02,41.23,41.74,41.36,42.54,42.01,42.66,42.74,43.21,43.27,43.43,43.25,43.48,43.71,44.27,43.97,44.18,44.66,44.84,44.77,44.59,44.48,44.04,44.51,44.24,43.62,42.27,43.61,42.01,42.56
41.22,40.99,40.19,40.19,41.71,41.75,42.04,41.87,42.42,42.49,41.92,42.57,42.22,41.99,42.61,42.55,42.36,42.05,42.80,42.75,42.72,42.78,42.36,42.87,42.52,43.22,43.76,42.37,42.58,42.12,42.28,41.60
42.70,41.82,40.86,40.50,40.59,40.75,41.65,41.55,42.12,42.45,42.15,42.23,41.80,42.45,41.99,42.62,41.87,42.63,41.70,41.95,42.65,42.71,42.39,42.48,43.27,42.46,42.87,42.86,42.92,42.81,43.38,43.20